1.2336
0.7077
4.1792
0.0189
0.5645
0.8507
40.2001
0.8513
0.8858
2.1110
1.6837
0.0176
0.0686
0.2395
1.4123
0.5041
1.3176
0.3477
1.1442
0.1657
1.0796
0.2343
0.0020
0.9943
0.2502
9.2687
5.3271
0.3663
0.2622
2.8542
4.5317
1.8508
0.3164
0.8667
0.7396
3.8550
0.2122
0.0957
8.1824
0.7676
0.4742
0.8954
0.2455
0.1293
1.8358
0.6200
0.2295
2.8905
0.0223
1.2046
0.0684
0.1526
13.1871
0.4679
0.0765
1.2497
7.4948
0.3416
0.5077
0.1398
0.0733
1.1312
1.8153
0.2229
14.5720
4.0182
0.1265
0.3427
1.1372
0.1687
2.2150
0.5349
3.7302
0.9778
3.7833
9.1178
1.4682
0.4572
0.6334
0.2360
4.1508
0.1192
0.6315
1.5165
0.0415
0.1452
8.3211
0.4664
0.0239
5.1381
0.1318
3.2903
4.7275
0.2857
0.7797
0.2226
0.3170
0.4129
0.3023
0.6828
0.0041
0.4506
0.1083
52.7228
1.5565
0.4263
0.6339
0.1476
0.5839
0.0559
0.5029
0.7929
0.4321
0.7575
0.8365
0.4176
26.4645
1.7830
0.2463
1.0565
0.6587
11.7001
0.0216
0.0781
0.1937
0.1075
0.2099
16.8335
1.2180
0.1417
0.2121
0.4709
1.0835
0.6529
0.1310
0.0091
0.0628
1.9278
0.1645
5.1088
5.5076
0.3768
0.5108
0.1035
2.9098
14.3070
4.5319
1.4037
0.7582
0.2040
0.1627
0.4172
0.3588
1.6399
1.1948
0.3418
2.0403
1.0999
0.3016
9.0915
1.8791
0.2255
1.0504
0.2020
0.0227
1.4657
0.5816
0.9322
0.1542
0.1361
2.0179
3.7794
1.0927
1.9895
16.8635
0.3731
18.1634
0.3963
15.0751
0.0837
0.5610
0.2158
37.9238
0.9572
0.3773
0.1404
0.5237
2.1903
0.1543
1.6867
2.2952
0.5359
4.1005
1.4195
0.9182
2.4913
0.1130
0.3691
0.3718
2.4020
5.5363
0.2766
1.8225
0.6896
41.0823
0.0343
0.0214
0.2933
0.0500
0.2053
3.5361
0.6098
1.3804
0.4536
2.4649
2.5893
1.9321
0.8425
1.2225
0.0649
0.8569
0.3786
0.6956
0.9216
1.3170
0.2043
0.2737
0.0748
1.3182
16.0000
0.1020
1.4330
0.3471
1.4636
1.6641
0.8551
0.3019
0.5256
0.7505
0.3219
0.5801
0.9412
0.1162
0.7268
0.3980
22.2917
0.6138
0.0801
0.5328
0.2746
1.6155
9.6304
0.3932
0.4363
6.8321
0.3040
0.0639
14.5761
0.0527
0.2699
0.2520
1.0991
3.4563
24.5660
0.8013
0.2327
0.0317
1.2168
0.3124
27.2029
0.0195
0.7394
1.2429
8.2372
0.0361
0.0075
2.8735
1.2884
1.6759
0.2457
0.7076
0.0029
2.0292
0.2991
0.0927
5.1436
3.0189
0.2300
2.6203
0.0964
0.6986
5.1200
0.3847
0.2975
0.0763
9.7774
0.3846
1.1890
0.4718
0.2230
