0.5957
0.2455
1.6139
0.5750
1.3986
1.1126
10.8139
0.6743
0.3947
0.9429
0.9397
0.2092
0.3784
0.1783
5.6770
0.1745
0.5293
1.5104
0.2743
0.0782
0.7151
0.5474
0.1562
0.0013
1.8846
6.4711
0.2152
2.5980
0.6886
1.1807
2.2212
3.6379
2.3447
1.1337
0.7510
1.5800
0.0602
0.0667
0.7955
0.2884
0.3628
1.4118
1.2917
0.0924
0.0776
0.9247
1.5808
3.1619
0.5680
0.7901
0.1402
0.0080
17.3729
0.3278
0.0509
1.3068
5.0600
0.3376
1.1183
0.3346
0.6630
0.6679
0.3554
0.2210
15.6020
0.1587
0.6281
0.1675
13.8007
0.4154
1.6277
0.1570
1.7657
3.2984
0.5238
6.8852
0.7893
1.1520
0.9907
0.0954
0.3090
0.9487
0.8268
1.6382
0.8130
0.4010
0.1395
0.1998
2.2934
0.1798
0.6767
0.3536
0.2890
0.1823
0.9239
1.0281
0.3525
2.1484
0.2560
0.6161
0.0165
0.3018
0.1751
22.4732
6.2128
0.2572
0.4687
0.6230
1.0744
0.0583
1.0664
0.5791
0.6140
4.0178
0.8844
0.3969
20.6198
1.0372
1.0537
1.3604
0.0555
9.4099
0.1509
3.6351
0.0393
0.1995
0.3015
8.4733
2.6408
0.8712
1.1501
0.0497
1.0521
1.0230
0.0235
0.1117
0.0433
2.0712
0.2647
2.3257
3.6812
0.0208
0.9767
0.0051
0.5096
1.2115
8.7825
1.4770
2.4780
2.7627
2.0797
0.3418
0.7106
18.7593
2.5302
0.3923
0.4043
0.7283
0.1875
0.7541
0.0599
0.2387
0.0174
0.2250
0.4286
0.2370
4.9002
0.2514
0.5252
2.4799
2.0206
0.1396
1.1492
0.2524
0.2162
0.0033
19.6233
0.1457
5.8277
0.0140
1.0228
0.1095
57.0307
0.2346
0.5958
0.1188
0.1689
0.9426
0.5743
0.2840
0.2549
0.4768
1.7669
1.0794
1.6655
2.0415
0.0773
0.4929
0.8302
1.0104
0.6209
0.1943
0.1966
0.5140
11.9638
0.3840
0.3410
0.1670
0.1728
0.6639
6.6601
0.1616
0.1743
0.2182
5.3156
1.7243
1.5292
0.5306
12.0994
1.7158
0.9300
0.3163
0.7939
1.3280
2.1271
2.0626
0.7340
0.0485
1.1362
1.2191
1.2117
0.8872
0.3058
0.4443
0.0440
0.4575
0.3768
0.2241
0.2495
0.8099
0.4293
1.9992
0.1941
0.1782
0.3367
78.8110
1.0623
0.1101
0.9520
0.2034
2.3794
14.3082
1.3527
0.2625
5.6336
0.1518
0.0364
14.2159
0.1016
0.5185
0.5542
0.4285
0.1967
22.6959
0.6225
1.8811
0.1541
0.7995
0.2288
8.4654
0.3095
1.8870
8.2167
0.4496
0.4283
0.1555
0.1147
0.2023
2.0314
0.4676
1.5060
0.2549
1.7058
0.5212
0.1173
6.9727
5.0654
0.5248
8.9503
0.4838
0.0308
3.4669
0.0319
0.2540
0.2310
6.0240
1.0949
0.6566
0.1244
0.8158
