0.0674
1.0248
1.2445
0.0135
0.6598
1.2628
0.1157
0.3221
3.0040
0.2111
0.6600
0.9969
0.1216
0.6300
0.2635
0.3388
0.0653
0.2542
0.9582
1.0475
0.2888
0.4029
0.2037
0.0853
1.0191
0.5973
0.0120
0.3756
0.9349
0.7458
0.7629
5.4082
1.6485
4.3887
5.8143
0.3862
0.4525
0.0485
0.2203
0.7068
2.5479
0.0782
7.6337
1.3631
0.5309
0.4003
0.3507
103.7498
1.3786
0.4724
0.6655
1.8048
1.3713
0.1403
0.8742
0.7951
1.0086
0.2435
0.4844
0.9806
0.1054
1.6378
0.1397
2.6325
1.5256
6.0581
0.0659
0.4715
0.1948
0.3077
0.3839
0.0706
0.8596
0.0269
2.4628
10.5156
0.0482
0.1764
1.6629
5.8567
5.5412
0.1950
0.2489
6.5976
0.1444
0.3800
7.8103
0.5492
1.6208
1.4559
0.4735
0.1058
0.2553
37.0358
0.2362
0.6676
1.4010
0.0957
0.4632
0.1368
34.1738
0.7956
0.0036
0.5183
4.7814
0.3994
0.0681
6.7438
0.0082
0.0948
1.6818
1.2428
1.0752
0.4516
0.0408
3.0924
0.1439
2.2073
1.3861
36.2354
1.9899
0.2093
0.1666
0.0734
1.5946
1.0093
0.4381
0.0370
0.9002
0.0812
0.2816
0.0189
1.8386
1.4004
0.3036
2.3894
1.6658
287.3778
0.6671
24.8228
2.9492
19.6509
17.8199
1.5092
8.0544
6.2450
0.7023
0.0441
0.1300
2.5315
0.5182
0.3411
1.1578
0.3527
0.1028
1.3726
0.0492
1.5021
1.1978
0.0790
0.9620
0.4096
0.0107
0.2397
15.0992
0.4741
43.6855
0.3037
0.2513
7.1448
0.0689
0.1397
0.3504
0.0708
0.3565
16.1044
0.9538
4.4559
0.3961
0.6539
0.1398
0.6675
0.2974
0.3091
0.3919
0.0744
94.6250
6.9700
0.4197
7.3076
0.3313
2.5746
2.6100
0.7851
1.1845
29.7050
21.6817
6.7736
2.8896
0.8534
3.8673
1.6935
3.5157
0.7596
0.3567
0.2359
2.3459
9.7245
0.1137
0.3991
0.0971
4.4972
2.2246
1.7748
21.4487
0.3873
0.0679
2.2487
0.0974
0.3697
2.0770
1.1099
8.9202
0.3169
4.4295
1.1818
0.3549
3.1837
1.6727
1.9484
0.4279
0.1148
0.0316
0.0051
1.1044
0.1732
0.2479
0.2850
4.3863
0.4590
0.8313
0.8511
0.6331
0.0542
0.3296
0.4211
4.5653
0.1348
0.5122
0.3050
0.3086
2.4236
0.4598
2.3817
1.5149
0.2671
0.0886
0.1274
2.8129
0.1055
0.9509
0.0350
0.3596
0.5200
2.7469
1.6943
0.3099
0.6988
0.5825
0.1823
0.1463
0.2450
9.5892
0.4242
1.6008
2.7892
0.8249
0.6732
1.1741
6.4628
0.2164
208.4290
0.1550
0.5519
0.3136
7.4194
0.6376
0.1029
0.7042
4.0901
0.0877
0.6605
1.1570
1.2001
3.5998
6.9673
0.1691
0.6155
1.4603
2.0909
