0.8098
8.5096
0.1285
0.2101
1.5218
2.9219
2.2341
15.0655
0.9453
1.2633
0.0670
1.5170
0.1232
5.4369
0.8907
0.3039
3.7006
0.4225
1.2624
0.6242
0.3627
3.0932
0.0470
3.5293
0.4748
0.0879
0.9146
0.4328
0.1698
5.0953
0.3860
1.9771
6.1773
0.1526
0.9687
1.2767
0.1461
0.1382
2.5721
0.2161
1.9928
1.8792
0.0282
0.1691
0.0024
0.0047
1.1208
0.5150
0.4450
0.0908
0.7207
5.3261
0.7796
0.7747
0.3833
0.1297
1.7355
0.5298
3.2967
3.7718
0.3258
3.8880
1.9520
0.2758
0.1841
0.0645
9.2606
35.3485
4.7089
0.6503
5.8594
0.6717
0.6563
0.2374
0.0257
0.0973
0.2782
0.1299
0.0851
0.5283
0.1669
5.1119
0.0044
0.5896
5.6523
0.6850
2.4402
8.6311
0.1574
1.6527
0.2396
0.5423
0.3981
1.3077
1.3273
1.7610
0.9594
0.7435
2.7798
0.1446
0.2642
0.0797
0.2228
2.2346
0.0777
7.7224
1.5279
0.1877
8.9714
0.0649
1.1301
0.3390
2.3011
14.4575
1.6126
0.0894
0.1190
1.2904
0.4193
1.2942
1.4290
1.2370
1.7679
0.4940
0.3577
1.3095
2.4266
0.7592
7.4547
0.1818
0.1864
0.0153
0.1638
3.9932
1.1429
0.1152
0.5078
0.3383
1.6014
1.2271
0.1947
0.1714
1.7572
1.7420
0.9199
0.0293
24.8286
8.9671
0.3643
0.5896
0.1774
0.7481
2.8124
0.4571
3.7107
0.1277
0.4093
0.2053
2.8369
1.0490
3.2725
0.3180
0.5657
0.2401
0.0239
1.8326
0.0390
0.2571
0.5540
0.5187
0.1384
0.4477
1.8942
0.8335
0.5788
0.2552
6.3995
0.3793
0.1780
0.2491
8.9912
0.8949
0.6859
2.2022
2.7321
1.3176
0.3027
0.6173
22.6570
0.9506
0.2325
0.5693
0.3778
1.2942
0.1524
0.3054
0.4327
0.1830
5.5808
3.0519
6.7487
0.2471
0.5222
1.2577
0.9406
3.6809
8.1295
0.4068
0.1343
0.4954
0.5699
0.6120
0.4795
4.7293
0.8095
9.8894
0.3658
0.6058
0.1539
0.2338
7.1237
0.2858
3.6687
0.4954
0.1986
0.1697
2.2391
0.2570
3.7219
0.1252
0.6738
0.5473
4.6145
0.2727
3.0890
1.2757
0.0057
2.6858
0.0427
0.0216
0.2830
2.1638
1.6977
0.2680
0.3153
3.5798
9.8980
1.2885
0.5248
0.0892
12.0849
0.5973
0.0140
0.1030
7.6336
3.5027
2.3082
0.0350
1.2175
3.0470
1.1458
2.2207
0.7891
0.7584
434.9934
2.3436
1.7012
1.0187
1.4693
0.5037
6.7426
0.2108
10.0047
2.5714
1.5008
0.3649
0.0262
0.0930
1.6967
0.2050
0.5021
0.8588
0.2862
0.3970
0.4378
10.9677
0.6565
0.1169
0.9604
0.0863
0.1030
0.4382
2.7810
0.0214
66.2043
0.2356
1.5782
0.3845
1.4498
0.5232
