1.3141
1.9660
11.8322
0.3624
2.6980
0.8388
0.3550
4.1191
0.4116
1.9008
0.4217
0.8771
25.9620
1.4661
0.7069
3.4585
4.7180
1.1381
2.8195
2.1405
0.0423
1.8219
0.3831
0.5370
1.1054
0.6659
1.7008
2.8546
0.3643
2.3297
42.6594
2.9360
0.4950
12.7940
0.2291
5.2185
0.4780
143.7320
0.1655
1.0062
0.0041
0.1563
1.2316
0.2290
0.4123
0.1120
0.2862
2.0854
0.3868
0.7113
2.8108
0.4368
0.2174
0.5346
0.6796
0.3374
0.1040
0.8645
0.1383
3.0176
6.2350
0.5635
0.1044
0.5758
0.0994
0.6976
1.1134
0.2313
0.9357
0.6251
3.7192
0.1950
0.3535
0.8292
0.5075
0.3755
0.2712
2.5118
0.5865
11.6533
3.4497
0.1912
3.4256
2.6735
1.0136
0.0625
0.3769
22.6057
0.0646
1.1486
0.0998
0.7273
1.9665
0.1369
3.8419
2.0872
7.1705
1.7486
12.7309
0.1995
3.9424
0.8710
0.1989
1.6018
0.1134
0.0410
1.5034
0.0967
4.6474
0.2899
1.3425
0.3338
3.7602
2.1790
0.9841
0.0720
0.2911
3.8082
3.0522
1.0393
33.9163
15.4721
26.3295
0.0550
0.6812
0.2953
3.7957
1.2789
0.2306
0.3973
1.0379
0.0835
0.2816
0.1400
0.3793
0.0922
68.4427
0.1184
0.2337
17.8372
1.5056
4.4447
0.4192
1.9081
51.5492
0.7388
1.5491
1.5689
0.2509
2.6164
0.3061
0.3457
4.5477
0.9668
0.7680
0.8599
0.8252
3.8996
1.4975
0.4709
2.7196
0.0525
4.1095
1.4782
0.2887
2.9540
0.3032
0.4278
5.1637
0.2218
5.4442
23.3913
0.1099
2.1824
18.0044
0.3546
2.2096
12.1741
7.3009
0.8063
55.9495
1.1317
0.3707
83.2960
0.3492
0.1528
0.4954
2.0356
0.5218
2.6787
1.1163
0.0931
2.1074
4.1632
0.1510
0.8787
0.0993
0.5136
0.1556
2.1539
1.0826
0.1656
3.8144
5.9460
0.2673
0.3564
0.8778
0.1344
0.1494
1.3145
0.6356
1.1902
0.0052
0.8903
0.0708
1.6147
0.0020
0.6192
0.7026
0.2016
1.5037
2.6412
9.9766
8.5846
0.1215
0.1702
0.3674
128.7810
0.1826
0.2812
4.9057
0.9511
1.1796
0.7910
16.1168
27.0350
0.4816
0.4603
0.4519
2.3798
4.5327
0.3744
0.8564
0.8182
1.0461
0.2729
0.1180
2.5015
1.2586
2.0919
0.4901
0.2522
0.2329
0.2919
131.2166
2.5088
0.2654
0.0331
1.0090
0.3912
1.0992
0.1053
2.0847
0.3596
0.0951
0.9298
0.6127
1.1912
0.0536
0.2171
2.8147
0.6361
1.3375
0.0324
0.7075
0.6500
0.1305
1.7881
0.6946
0.3912
0.6091
1.4474
0.7268
0.2985
0.2056
26.0398
5.3322
1.4166
1.2394
0.5299
0.5315
0.7834
0.8350
13.8982
0.5676
2.0875
1.4794
0.0765
6.2262
0.2338
