0.2376
1.2970
2.0907
0.4828
0.0958
0.7948
0.8328
0.3798
0.1709
0.0499
1.9811
4.9524
0.1695
0.8986
0.2502
1.9137
57.5052
0.0606
1.9627
0.9098
1.4062
0.7647
0.9914
0.1399
0.2486
0.7001
0.3042
1.0674
0.0706
0.6206
0.7065
1.5831
0.0003
0.3093
21.0127
1.1542
0.4865
0.1360
0.2201
0.8014
0.5763
17.1058
2.7841
0.4570
0.0071
1.2350
0.5204
1.6875
3.8224
0.3472
0.5493
1.0300
4.1819
0.2565
0.3321
9.4363
1.8663
0.1210
1.2386
1.1063
0.1866
2.1435
0.0722
0.2932
0.0287
0.6177
24.2802
6.1022
0.2008
0.3867
0.2291
0.9113
0.6109
0.2705
0.3440
0.7063
0.9053
3.1080
6.5425
0.1125
1.3727
0.0325
0.6049
0.0112
0.6900
14.1477
0.2778
0.3092
2.8036
0.2023
0.6643
9.8141
0.3131
0.1302
0.2624
0.1425
0.4346
0.9205
1.4385
0.0565
10.4720
0.2495
0.7729
0.0612
1.2810
0.2216
1.2830
0.2936
0.0438
1.8707
0.1491
1.2611
1.5001
0.3986
0.6244
0.0553
3.7024
2.2904
7.1669
1.1246
0.5391
5.5012
0.0941
0.3445
0.4976
1.0867
4.3166
0.5839
0.9412
3.9779
0.5123
0.0855
0.2280
3.3819
1.6660
3.9017
0.1041
7.1560
7.6379
2.0500
0.2781
0.0287
0.0988
1.0273
0.0167
3.8368
3.5967
0.5914
0.6897
1.1179
0.4057
5.8745
0.8145
9.5960
0.7113
0.3747
0.3587
0.1926
1.5002
28.4525
0.1076
3.5746
3.2501
1.3602
1.2837
7.2522
0.2477
0.2322
0.6664
11.8544
0.4906
0.6325
1.1403
0.1699
2.7662
0.4758
3.0045
1.8481
0.3043
0.5047
0.6631
3.2280
0.2406
0.0260
0.5386
2.9954
0.2550
1.7858
0.7574
0.8514
0.1309
0.0995
0.5632
0.5863
3.0744
0.1556
0.2222
0.3331
0.3211
0.2110
0.2006
3.9200
0.8378
0.2649
1.1622
0.0020
5.7103
10.1916
1.6563
1.5707
0.2260
1.9145
0.5843
4.4011
0.8281
0.6475
0.4157
0.3553
1.6778
0.6092
0.0982
2.8330
0.3096
22.8605
0.7119
1.0832
0.2540
0.1997
0.0180
16.9381
0.3292
0.3888
2.6053
0.5938
2.8078
0.1798
0.3069
0.3198
48.3166
0.3608
1.4600
3.5348
0.2808
0.3138
0.3723
0.5827
0.5627
0.2541
0.1616
0.0405
1.1732
23.8999
0.1643
1.1064
0.3653
0.8305
0.8865
0.4133
2.3291
0.3014
0.3251
3.6803
2.3116
0.1129
0.9478
0.1504
1.2101
0.5602
5.0837
0.9616
4.8029
0.0564
19.8303
0.3663
2.1469
0.9616
0.1246
1.0019
0.0979
0.4349
0.7390
0.2937
0.3995
0.0424
1.7167
1.9399
1.4191
1.6536
0.1013
0.3282
0.3817
0.2946
0.1931
3.4547
2.5932
0.6335
0.5913
0.7343
0.6207
0.1328
